================== General Output IETFEM v2.11 ===========================


================== Linear elasticity solution ===========================


Inputfile: ../../input/3D/Truss_3D_sd/torre.txt  ... 

Solve time: 256.464 seconds

Problem type: Truss 3D small deformation and displacement

Force magnitude: N 

Length magnitude: m 

Number of degrees of freedom per node: 3 

Number of nodes per element: 2 

Number of materials: 1 

Number of sections: 1 

Number of nodes: 10 

Number of elements: 25 

Scale Factors
SD_Deformed:  70.00 
   Supports:   1.00 
      Areas:   1.00 
     Forces:   1.00 
      Frame:   0.05 
    Numbers:   1.00 

-------------------------------------------------------- 
                   Nodes Cordinates (m)                 
-------------------------------------------------------- 
| Node |        X      |        Y      |        Z      |
-------------------------------------------------------- 
|    1 |   -9.53e-001  |    0.00e+000  |    5.08e+000  |
|    2 |    9.53e-001  |    0.00e+000  |    5.08e+000  |
|    3 |   -9.53e-001  |    9.53e-001  |    2.54e+000  |
|    4 |    9.53e-001  |    9.53e-001  |    2.54e+000  |
|    5 |    9.53e-001  |   -9.53e-001  |    2.54e+000  |
|    6 |   -9.53e-001  |   -9.53e-001  |    2.54e+000  |
|    7 |   -2.54e+000  |    2.54e+000  |    0.00e+000  |
|    8 |    2.54e+000  |    2.54e+000  |    0.00e+000  |
|    9 |    2.54e+000  |   -2.54e+000  |    0.00e+000  |
|   10 |   -2.54e+000  |   -2.54e+000  |    0.00e+000  |
-------------------------------------------------------- 


Start: Start Node - End: End Node.  

-------------------------------------------- 
           Element conectivity         
-------------------------------------------- 
| Elem |      Start      |       End       |
-------------------------------------------- 
|    1 |     1.00e+000   |     2.00e+000   |
|    2 |     1.00e+000   |     4.00e+000   |
|    3 |     2.00e+000   |     3.00e+000   |
|    4 |     1.00e+000   |     5.00e+000   |
|    5 |     2.00e+000   |     6.00e+000   |
|    6 |     2.00e+000   |     4.00e+000   |
|    7 |     2.00e+000   |     5.00e+000   |
|    8 |     1.00e+000   |     3.00e+000   |
|    9 |     1.00e+000   |     6.00e+000   |
|   10 |     3.00e+000   |     6.00e+000   |
|   11 |     4.00e+000   |     5.00e+000   |
|   12 |     3.00e+000   |     4.00e+000   |
|   13 |     5.00e+000   |     6.00e+000   |
|   14 |     3.00e+000   |     1.00e+001   |
|   15 |     6.00e+000   |     7.00e+000   |
|   16 |     9.00e+000   |     4.00e+000   |
|   17 |     5.00e+000   |     8.00e+000   |
|   18 |     7.00e+000   |     4.00e+000   |
|   19 |     3.00e+000   |     8.00e+000   |
|   20 |     1.00e+001   |     5.00e+000   |
|   21 |     9.00e+000   |     6.00e+000   |
|   22 |     1.00e+001   |     6.00e+000   |
|   23 |     7.00e+000   |     3.00e+000   |
|   24 |     8.00e+000   |     4.00e+000   |
|   25 |     9.00e+000   |     5.00e+000   |
-------------------------------------------- 


-------------------------------------------------------------------------------------------------------- 
                                  Element's properties  
-------------------------------------------------------------------------------------------------------- 
|  Element |   Area (m^2) |       L   (m)  |   Youngs (N/m^2) |   alpha (1/°C) |   T (°C) | GL  (N/m^3) | 
-------------------------------------------------------------------------------------------------------- 
|        1 |    1.94e-003 |    1.91e+000   |      6.89e+010   |      0.00e+000 |    0.00  |    2.77e+004|
|        2 |    1.94e-003 |    3.31e+000   |      6.89e+010   |      0.00e+000 |    0.00  |    2.77e+004|
|        3 |    1.94e-003 |    3.31e+000   |      6.89e+010   |      0.00e+000 |    0.00  |    2.77e+004|
|        4 |    1.94e-003 |    3.31e+000   |      6.89e+010   |      0.00e+000 |    0.00  |    2.77e+004|
|        5 |    1.94e-003 |    3.31e+000   |      6.89e+010   |      0.00e+000 |    0.00  |    2.77e+004|
|        6 |    1.94e-003 |    2.71e+000   |      6.89e+010   |      0.00e+000 |    0.00  |    2.77e+004|
|        7 |    1.94e-003 |    2.71e+000   |      6.89e+010   |      0.00e+000 |    0.00  |    2.77e+004|
|        8 |    1.94e-003 |    2.71e+000   |      6.89e+010   |      0.00e+000 |    0.00  |    2.77e+004|
|        9 |    1.94e-003 |    2.71e+000   |      6.89e+010   |      0.00e+000 |    0.00  |    2.77e+004|
|       10 |    1.94e-003 |    1.91e+000   |      6.89e+010   |      0.00e+000 |    0.00  |    2.77e+004|
|       11 |    1.94e-003 |    1.91e+000   |      6.89e+010   |      0.00e+000 |    0.00  |    2.77e+004|
|       12 |    1.94e-003 |    1.91e+000   |      6.89e+010   |      0.00e+000 |    0.00  |    2.77e+004|
|       13 |    1.94e-003 |    1.91e+000   |      6.89e+010   |      0.00e+000 |    0.00  |    2.77e+004|
|       14 |    1.94e-003 |    4.60e+000   |      6.89e+010   |      0.00e+000 |    0.00  |    2.77e+004|
|       15 |    1.94e-003 |    4.60e+000   |      6.89e+010   |      0.00e+000 |    0.00  |    2.77e+004|
|       16 |    1.94e-003 |    4.60e+000   |      6.89e+010   |      0.00e+000 |    0.00  |    2.77e+004|
|       17 |    1.94e-003 |    4.60e+000   |      6.89e+010   |      0.00e+000 |    0.00  |    2.77e+004|
|       18 |    1.94e-003 |    4.60e+000   |      6.89e+010   |      0.00e+000 |    0.00  |    2.77e+004|
|       19 |    1.94e-003 |    4.60e+000   |      6.89e+010   |      0.00e+000 |    0.00  |    2.77e+004|
|       20 |    1.94e-003 |    4.60e+000   |      6.89e+010   |      0.00e+000 |    0.00  |    2.77e+004|
|       21 |    1.94e-003 |    4.60e+000   |      6.89e+010   |      0.00e+000 |    0.00  |    2.77e+004|
|       22 |    1.94e-003 |    3.39e+000   |      6.89e+010   |      0.00e+000 |    0.00  |    2.77e+004|
|       23 |    1.94e-003 |    3.39e+000   |      6.89e+010   |      0.00e+000 |    0.00  |    2.77e+004|
|       24 |    1.94e-003 |    3.39e+000   |      6.89e+010   |      0.00e+000 |    0.00  |    2.77e+004|
|       25 |    1.94e-003 |    3.39e+000   |      6.89e+010   |      0.00e+000 |    0.00  |    2.77e+004|
-------------------------------------------------------------------------------------------------------- 


------------------------------------------------------------ 
                 Puntual external  forces                    
------------------------------------------------------------ 
|   Node   |     F_x (N)   |     F_y (N)   |     F_z (N)   |
------------------------------------------------------------ 
|        1 |    4.54e+003  |    4.54e+004  |   -2.27e+004  |
|        2 |    0.00e+000  |    4.54e+004  |   -2.27e+004  |
|        3 |    2.27e+003  |    0.00e+000  |    0.00e+000  |
|        6 |    2.27e+003  |    0.00e+000  |    0.00e+000  |
------------------------------------------------------------ 




 Global Siffness Matrix (N/m) 
------------------------------------------------------------------------------------------------------------------------------------------------------------------------------------------------------------------------------------------------------------------------------------------------------------------------------------------------------------------------------------------------------
   9.66e+007    0.00e+000   -3.55e+007   -7.01e+007    0.00e+000    0.00e+000    0.00e+000    0.00e+000    0.00e+000   -1.33e+007   -6.65e+006    1.77e+007   -1.33e+007    6.65e+006    1.77e+007    0.00e+000    0.00e+000    0.00e+000    0.00e+000    0.00e+000    0.00e+000    0.00e+000    0.00e+000    0.00e+000    0.00e+000    0.00e+000    0.00e+000    0.00e+000    0.00e+000    0.00e+000 
   0.00e+000    1.88e+007    0.00e+000    0.00e+000    0.00e+000    0.00e+000    0.00e+000   -6.06e+006    1.62e+007   -6.65e+006   -3.32e+006    8.86e+006    6.65e+006   -3.32e+006   -8.86e+006    0.00e+000   -6.06e+006   -1.62e+007    0.00e+000    0.00e+000    0.00e+000    0.00e+000    0.00e+000    0.00e+000    0.00e+000    0.00e+000    0.00e+000    0.00e+000    0.00e+000    0.00e+000 
  -3.55e+007    0.00e+000    1.34e+008    0.00e+000    0.00e+000    0.00e+000    0.00e+000    1.62e+007   -4.31e+007    1.77e+007    8.86e+006   -2.36e+007    1.77e+007   -8.86e+006   -2.36e+007    0.00e+000   -1.62e+007   -4.31e+007    0.00e+000    0.00e+000    0.00e+000    0.00e+000    0.00e+000    0.00e+000    0.00e+000    0.00e+000    0.00e+000    0.00e+000    0.00e+000    0.00e+000 
  -7.01e+007    0.00e+000    0.00e+000    9.66e+007    0.00e+000    3.55e+007   -1.33e+007    6.65e+006   -1.77e+007    0.00e+000    0.00e+000    0.00e+000    0.00e+000    0.00e+000    0.00e+000   -1.33e+007   -6.65e+006   -1.77e+007    0.00e+000    0.00e+000    0.00e+000    0.00e+000    0.00e+000    0.00e+000    0.00e+000    0.00e+000    0.00e+000    0.00e+000    0.00e+000    0.00e+000 
   0.00e+000    0.00e+000    0.00e+000    0.00e+000    1.88e+007    0.00e+000    6.65e+006   -3.32e+006    8.86e+006    0.00e+000   -6.06e+006    1.62e+007    0.00e+000   -6.06e+006   -1.62e+007   -6.65e+006   -3.32e+006   -8.86e+006    0.00e+000    0.00e+000    0.00e+000    0.00e+000    0.00e+000    0.00e+000    0.00e+000    0.00e+000    0.00e+000    0.00e+000    0.00e+000    0.00e+000 
   0.00e+000    0.00e+000    0.00e+000    3.55e+007    0.00e+000    1.34e+008   -1.77e+007    8.86e+006   -2.36e+007    0.00e+000    1.62e+007   -4.31e+007    0.00e+000   -1.62e+007   -4.31e+007   -1.77e+007   -8.86e+006   -2.36e+007    0.00e+000    0.00e+000    0.00e+000    0.00e+000    0.00e+000    0.00e+000    0.00e+000    0.00e+000    0.00e+000    0.00e+000    0.00e+000    0.00e+000 
   0.00e+000    0.00e+000    0.00e+000   -1.33e+007    6.65e+006   -1.77e+007    1.12e+008   -8.83e+004    2.49e+007   -7.01e+007    0.00e+000    0.00e+000    0.00e+000    0.00e+000    0.00e+000    0.00e+000    0.00e+000    0.00e+000   -8.63e+006    8.63e+006   -1.38e+007   -1.67e+007   -7.60e+006    1.22e+007    0.00e+000    0.00e+000    0.00e+000   -3.45e+006   -7.60e+006   -5.52e+006 
   0.00e+000   -6.06e+006    1.62e+007    6.65e+006   -3.32e+006    8.86e+006   -8.83e+004    1.08e+008   -3.22e+007    0.00e+000    0.00e+000    0.00e+000    0.00e+000    0.00e+000    0.00e+000    0.00e+000   -7.01e+007    0.00e+000    8.63e+006   -8.63e+006    1.38e+007   -7.60e+006   -3.45e+006    5.52e+006    0.00e+000    0.00e+000    0.00e+000   -7.60e+006   -1.67e+007   -1.22e+007 
   0.00e+000    1.62e+007   -4.31e+007   -1.77e+007    8.86e+006   -2.36e+007    2.49e+007   -3.22e+007    1.07e+008    0.00e+000    0.00e+000    0.00e+000    0.00e+000    0.00e+000    0.00e+000    0.00e+000    0.00e+000    0.00e+000   -1.38e+007    1.38e+007   -2.21e+007    1.22e+007    5.52e+006   -8.84e+006    0.00e+000    0.00e+000    0.00e+000   -5.52e+006   -1.22e+007   -8.84e+006 
  -1.33e+007   -6.65e+006    1.77e+007    0.00e+000    0.00e+000    0.00e+000   -7.01e+007    0.00e+000    0.00e+000    1.12e+008    8.83e+004   -2.49e+007    0.00e+000    0.00e+000    0.00e+000    0.00e+000    0.00e+000    0.00e+000   -1.67e+007    7.60e+006   -1.22e+007   -8.63e+006   -8.63e+006    1.38e+007   -3.45e+006    7.60e+006    5.52e+006    0.00e+000    0.00e+000    0.00e+000 
  -6.65e+006   -3.32e+006    8.86e+006    0.00e+000   -6.06e+006    1.62e+007    0.00e+000    0.00e+000    0.00e+000    8.83e+004    1.08e+008   -3.22e+007    0.00e+000   -7.01e+007    0.00e+000    0.00e+000    0.00e+000    0.00e+000    7.60e+006   -3.45e+006    5.52e+006   -8.63e+006   -8.63e+006    1.38e+007    7.60e+006   -1.67e+007   -1.22e+007    0.00e+000    0.00e+000    0.00e+000 
   1.77e+007    8.86e+006   -2.36e+007    0.00e+000    1.62e+007   -4.31e+007    0.00e+000    0.00e+000    0.00e+000   -2.49e+007   -3.22e+007    1.07e+008    0.00e+000    0.00e+000    0.00e+000    0.00e+000    0.00e+000    0.00e+000   -1.22e+007    5.52e+006   -8.84e+006    1.38e+007    1.38e+007   -2.21e+007    5.52e+006   -1.22e+007   -8.84e+006    0.00e+000    0.00e+000    0.00e+000 
  -1.33e+007    6.65e+006    1.77e+007    0.00e+000    0.00e+000    0.00e+000    0.00e+000    0.00e+000    0.00e+000    0.00e+000    0.00e+000    0.00e+000    1.12e+008   -8.83e+004   -2.49e+007   -7.01e+007    0.00e+000    0.00e+000    0.00e+000    0.00e+000    0.00e+000   -3.45e+006   -7.60e+006    5.52e+006   -8.63e+006    8.63e+006    1.38e+007   -1.67e+007   -7.60e+006   -1.22e+007 
   6.65e+006   -3.32e+006   -8.86e+006    0.00e+000   -6.06e+006   -1.62e+007    0.00e+000    0.00e+000    0.00e+000    0.00e+000   -7.01e+007    0.00e+000   -8.83e+004    1.08e+008    3.22e+007    0.00e+000    0.00e+000    0.00e+000    0.00e+000    0.00e+000    0.00e+000   -7.60e+006   -1.67e+007    1.22e+007    8.63e+006   -8.63e+006   -1.38e+007   -7.60e+006   -3.45e+006   -5.52e+006 
   1.77e+007   -8.86e+006   -2.36e+007    0.00e+000   -1.62e+007   -4.31e+007    0.00e+000    0.00e+000    0.00e+000    0.00e+000    0.00e+000    0.00e+000   -2.49e+007    3.22e+007    1.07e+008    0.00e+000    0.00e+000    0.00e+000    0.00e+000    0.00e+000    0.00e+000    5.52e+006    1.22e+007   -8.84e+006    1.38e+007   -1.38e+007   -2.21e+007   -1.22e+007   -5.52e+006   -8.84e+006 
   0.00e+000    0.00e+000    0.00e+000   -1.33e+007   -6.65e+006   -1.77e+007    0.00e+000    0.00e+000    0.00e+000    0.00e+000    0.00e+000    0.00e+000   -7.01e+007    0.00e+000    0.00e+000    1.12e+008    8.83e+004    2.49e+007   -3.45e+006    7.60e+006   -5.52e+006    0.00e+000    0.00e+000    0.00e+000   -1.67e+007    7.60e+006    1.22e+007   -8.63e+006   -8.63e+006   -1.38e+007 
   0.00e+000   -6.06e+006   -1.62e+007   -6.65e+006   -3.32e+006   -8.86e+006    0.00e+000   -7.01e+007    0.00e+000    0.00e+000    0.00e+000    0.00e+000    0.00e+000    0.00e+000    0.00e+000    8.83e+004    1.08e+008    3.22e+007    7.60e+006   -1.67e+007    1.22e+007    0.00e+000    0.00e+000    0.00e+000    7.60e+006   -3.45e+006   -5.52e+006   -8.63e+006   -8.63e+006   -1.38e+007 
   0.00e+000   -1.62e+007   -4.31e+007   -1.77e+007   -8.86e+006   -2.36e+007    0.00e+000    0.00e+000    0.00e+000    0.00e+000    0.00e+000    0.00e+000    0.00e+000    0.00e+000    0.00e+000    2.49e+007    3.22e+007    1.07e+008   -5.52e+006    1.22e+007   -8.84e+006    0.00e+000    0.00e+000    0.00e+000    1.22e+007   -5.52e+006   -8.84e+006   -1.38e+007   -1.38e+007   -2.21e+007 
   0.00e+000    0.00e+000    0.00e+000    0.00e+000    0.00e+000    0.00e+000   -8.63e+006    8.63e+006   -1.38e+007   -1.67e+007    7.60e+006   -1.22e+007    0.00e+000    0.00e+000    0.00e+000   -3.45e+006    7.60e+006   -5.52e+006    2.88e+007   -2.38e+007    3.15e+007    0.00e+000    0.00e+000    0.00e+000    0.00e+000    0.00e+000    0.00e+000    0.00e+000    0.00e+000    0.00e+000 
   0.00e+000    0.00e+000    0.00e+000    0.00e+000    0.00e+000    0.00e+000    8.63e+006   -8.63e+006    1.38e+007    7.60e+006   -3.45e+006    5.52e+006    0.00e+000    0.00e+000    0.00e+000    7.60e+006   -1.67e+007    1.22e+007   -2.38e+007    2.88e+007   -3.15e+007    0.00e+000    0.00e+000    0.00e+000    0.00e+000    0.00e+000    0.00e+000    0.00e+000    0.00e+000    0.00e+000 
   0.00e+000    0.00e+000    0.00e+000    0.00e+000    0.00e+000    0.00e+000   -1.38e+007    1.38e+007   -2.21e+007   -1.22e+007    5.52e+006   -8.84e+006    0.00e+000    0.00e+000    0.00e+000   -5.52e+006    1.22e+007   -8.84e+006    3.15e+007   -3.15e+007    3.98e+007    0.00e+000    0.00e+000    0.00e+000    0.00e+000    0.00e+000    0.00e+000    0.00e+000    0.00e+000    0.00e+000 
   0.00e+000    0.00e+000    0.00e+000    0.00e+000    0.00e+000    0.00e+000   -1.67e+007   -7.60e+006    1.22e+007   -8.63e+006   -8.63e+006    1.38e+007   -3.45e+006   -7.60e+006    5.52e+006    0.00e+000    0.00e+000    0.00e+000    0.00e+000    0.00e+000    0.00e+000    2.88e+007    2.38e+007   -3.15e+007    0.00e+000    0.00e+000    0.00e+000    0.00e+000    0.00e+000    0.00e+000 
   0.00e+000    0.00e+000    0.00e+000    0.00e+000    0.00e+000    0.00e+000   -7.60e+006   -3.45e+006    5.52e+006   -8.63e+006   -8.63e+006    1.38e+007   -7.60e+006   -1.67e+007    1.22e+007    0.00e+000    0.00e+000    0.00e+000    0.00e+000    0.00e+000    0.00e+000    2.38e+007    2.88e+007   -3.15e+007    0.00e+000    0.00e+000    0.00e+000    0.00e+000    0.00e+000    0.00e+000 
   0.00e+000    0.00e+000    0.00e+000    0.00e+000    0.00e+000    0.00e+000    1.22e+007    5.52e+006   -8.84e+006    1.38e+007    1.38e+007   -2.21e+007    5.52e+006    1.22e+007   -8.84e+006    0.00e+000    0.00e+000    0.00e+000    0.00e+000    0.00e+000    0.00e+000   -3.15e+007   -3.15e+007    3.98e+007    0.00e+000    0.00e+000    0.00e+000    0.00e+000    0.00e+000    0.00e+000 
   0.00e+000    0.00e+000    0.00e+000    0.00e+000    0.00e+000    0.00e+000    0.00e+000    0.00e+000    0.00e+000   -3.45e+006    7.60e+006    5.52e+006   -8.63e+006    8.63e+006    1.38e+007   -1.67e+007    7.60e+006    1.22e+007    0.00e+000    0.00e+000    0.00e+000    0.00e+000    0.00e+000    0.00e+000    2.88e+007   -2.38e+007   -3.15e+007    0.00e+000    0.00e+000    0.00e+000 
   0.00e+000    0.00e+000    0.00e+000    0.00e+000    0.00e+000    0.00e+000    0.00e+000    0.00e+000    0.00e+000    7.60e+006   -1.67e+007   -1.22e+007    8.63e+006   -8.63e+006   -1.38e+007    7.60e+006   -3.45e+006   -5.52e+006    0.00e+000    0.00e+000    0.00e+000    0.00e+000    0.00e+000    0.00e+000   -2.38e+007    2.88e+007    3.15e+007    0.00e+000    0.00e+000    0.00e+000 
   0.00e+000    0.00e+000    0.00e+000    0.00e+000    0.00e+000    0.00e+000    0.00e+000    0.00e+000    0.00e+000    5.52e+006   -1.22e+007   -8.84e+006    1.38e+007   -1.38e+007   -2.21e+007    1.22e+007   -5.52e+006   -8.84e+006    0.00e+000    0.00e+000    0.00e+000    0.00e+000    0.00e+000    0.00e+000   -3.15e+007    3.15e+007    3.98e+007    0.00e+000    0.00e+000    0.00e+000 
   0.00e+000    0.00e+000    0.00e+000    0.00e+000    0.00e+000    0.00e+000   -3.45e+006   -7.60e+006   -5.52e+006    0.00e+000    0.00e+000    0.00e+000   -1.67e+007   -7.60e+006   -1.22e+007   -8.63e+006   -8.63e+006   -1.38e+007    0.00e+000    0.00e+000    0.00e+000    0.00e+000    0.00e+000    0.00e+000    0.00e+000    0.00e+000    0.00e+000    2.88e+007    2.38e+007    3.15e+007 
   0.00e+000    0.00e+000    0.00e+000    0.00e+000    0.00e+000    0.00e+000   -7.60e+006   -1.67e+007   -1.22e+007    0.00e+000    0.00e+000    0.00e+000   -7.60e+006   -3.45e+006   -5.52e+006   -8.63e+006   -8.63e+006   -1.38e+007    0.00e+000    0.00e+000    0.00e+000    0.00e+000    0.00e+000    0.00e+000    0.00e+000    0.00e+000    0.00e+000    2.38e+007    2.88e+007    3.15e+007 
   0.00e+000    0.00e+000    0.00e+000    0.00e+000    0.00e+000    0.00e+000   -5.52e+006   -1.22e+007   -8.84e+006    0.00e+000    0.00e+000    0.00e+000   -1.22e+007   -5.52e+006   -8.84e+006   -1.38e+007   -1.38e+007   -2.21e+007    0.00e+000    0.00e+000    0.00e+000    0.00e+000    0.00e+000    0.00e+000    0.00e+000    0.00e+000    0.00e+000    3.15e+007    3.15e+007    3.98e+007 
------------------------------------------------------------------------------------------------------------------------------------------------------------------------------------------------------------------------------------------------------------------------------------------------------------------------------------------------------------------------------------------------------




 Reduced Matrix (N/m)
------------------------------------------------------------------------------------------------------------------------------------------------------------------------------------------------------------------------------------------
   9.66e+007    0.00e+000   -3.55e+007   -7.01e+007    0.00e+000    0.00e+000    0.00e+000    0.00e+000    0.00e+000   -1.33e+007   -6.65e+006    1.77e+007   -1.33e+007    6.65e+006    1.77e+007    0.00e+000    0.00e+000    0.00e+000 
   0.00e+000    1.88e+007    0.00e+000    0.00e+000    0.00e+000    0.00e+000    0.00e+000   -6.06e+006    1.62e+007   -6.65e+006   -3.32e+006    8.86e+006    6.65e+006   -3.32e+006   -8.86e+006    0.00e+000   -6.06e+006   -1.62e+007 
  -3.55e+007    0.00e+000    1.34e+008    0.00e+000    0.00e+000    0.00e+000    0.00e+000    1.62e+007   -4.31e+007    1.77e+007    8.86e+006   -2.36e+007    1.77e+007   -8.86e+006   -2.36e+007    0.00e+000   -1.62e+007   -4.31e+007 
  -7.01e+007    0.00e+000    0.00e+000    9.66e+007    0.00e+000    3.55e+007   -1.33e+007    6.65e+006   -1.77e+007    0.00e+000    0.00e+000    0.00e+000    0.00e+000    0.00e+000    0.00e+000   -1.33e+007   -6.65e+006   -1.77e+007 
   0.00e+000    0.00e+000    0.00e+000    0.00e+000    1.88e+007    0.00e+000    6.65e+006   -3.32e+006    8.86e+006    0.00e+000   -6.06e+006    1.62e+007    0.00e+000   -6.06e+006   -1.62e+007   -6.65e+006   -3.32e+006   -8.86e+006 
   0.00e+000    0.00e+000    0.00e+000    3.55e+007    0.00e+000    1.34e+008   -1.77e+007    8.86e+006   -2.36e+007    0.00e+000    1.62e+007   -4.31e+007    0.00e+000   -1.62e+007   -4.31e+007   -1.77e+007   -8.86e+006   -2.36e+007 
   0.00e+000    0.00e+000    0.00e+000   -1.33e+007    6.65e+006   -1.77e+007    1.12e+008   -8.83e+004    2.49e+007   -7.01e+007    0.00e+000    0.00e+000    0.00e+000    0.00e+000    0.00e+000    0.00e+000    0.00e+000    0.00e+000 
   0.00e+000   -6.06e+006    1.62e+007    6.65e+006   -3.32e+006    8.86e+006   -8.83e+004    1.08e+008   -3.22e+007    0.00e+000    0.00e+000    0.00e+000    0.00e+000    0.00e+000    0.00e+000    0.00e+000   -7.01e+007    0.00e+000 
   0.00e+000    1.62e+007   -4.31e+007   -1.77e+007    8.86e+006   -2.36e+007    2.49e+007   -3.22e+007    1.07e+008    0.00e+000    0.00e+000    0.00e+000    0.00e+000    0.00e+000    0.00e+000    0.00e+000    0.00e+000    0.00e+000 
  -1.33e+007   -6.65e+006    1.77e+007    0.00e+000    0.00e+000    0.00e+000   -7.01e+007    0.00e+000    0.00e+000    1.12e+008    8.83e+004   -2.49e+007    0.00e+000    0.00e+000    0.00e+000    0.00e+000    0.00e+000    0.00e+000 
  -6.65e+006   -3.32e+006    8.86e+006    0.00e+000   -6.06e+006    1.62e+007    0.00e+000    0.00e+000    0.00e+000    8.83e+004    1.08e+008   -3.22e+007    0.00e+000   -7.01e+007    0.00e+000    0.00e+000    0.00e+000    0.00e+000 
   1.77e+007    8.86e+006   -2.36e+007    0.00e+000    1.62e+007   -4.31e+007    0.00e+000    0.00e+000    0.00e+000   -2.49e+007   -3.22e+007    1.07e+008    0.00e+000    0.00e+000    0.00e+000    0.00e+000    0.00e+000    0.00e+000 
  -1.33e+007    6.65e+006    1.77e+007    0.00e+000    0.00e+000    0.00e+000    0.00e+000    0.00e+000    0.00e+000    0.00e+000    0.00e+000    0.00e+000    1.12e+008   -8.83e+004   -2.49e+007   -7.01e+007    0.00e+000    0.00e+000 
   6.65e+006   -3.32e+006   -8.86e+006    0.00e+000   -6.06e+006   -1.62e+007    0.00e+000    0.00e+000    0.00e+000    0.00e+000   -7.01e+007    0.00e+000   -8.83e+004    1.08e+008    3.22e+007    0.00e+000    0.00e+000    0.00e+000 
   1.77e+007   -8.86e+006   -2.36e+007    0.00e+000   -1.62e+007   -4.31e+007    0.00e+000    0.00e+000    0.00e+000    0.00e+000    0.00e+000    0.00e+000   -2.49e+007    3.22e+007    1.07e+008    0.00e+000    0.00e+000    0.00e+000 
   0.00e+000    0.00e+000    0.00e+000   -1.33e+007   -6.65e+006   -1.77e+007    0.00e+000    0.00e+000    0.00e+000    0.00e+000    0.00e+000    0.00e+000   -7.01e+007    0.00e+000    0.00e+000    1.12e+008    8.83e+004    2.49e+007 
   0.00e+000   -6.06e+006   -1.62e+007   -6.65e+006   -3.32e+006   -8.86e+006    0.00e+000   -7.01e+007    0.00e+000    0.00e+000    0.00e+000    0.00e+000    0.00e+000    0.00e+000    0.00e+000    8.83e+004    1.08e+008    3.22e+007 
   0.00e+000   -1.62e+007   -4.31e+007   -1.77e+007   -8.86e+006   -2.36e+007    0.00e+000    0.00e+000    0.00e+000    0.00e+000    0.00e+000    0.00e+000    0.00e+000    0.00e+000    0.00e+000    2.49e+007    3.22e+007    1.07e+008 
------------------------------------------------------------------------------------------------------------------------------------------------------------------------------------------------------------------------------------------


----------------------- 
   Final length (m)  
----------------------- 
| Elem |        l     |
----------------------- 
|    1 |    1.91e+000 |
|    2 |    3.31e+000 |
|    3 |    3.31e+000 |
|    4 |    3.32e+000 |
|    5 |    3.32e+000 |
|    6 |    2.71e+000 |
|    7 |    2.71e+000 |
|    8 |    2.71e+000 |
|    9 |    2.71e+000 |
|   10 |    1.91e+000 |
|   11 |    1.91e+000 |
|   12 |    1.91e+000 |
|   13 |    1.90e+000 |
|   14 |    4.60e+000 |
|   15 |    4.60e+000 |
|   16 |    4.60e+000 |
|   17 |    4.60e+000 |
|   18 |    4.60e+000 |
|   19 |    4.60e+000 |
|   20 |    4.60e+000 |
|   21 |    4.60e+000 |
|   22 |    3.39e+000 |
|   23 |    3.39e+000 |
|   24 |    3.39e+000 |
|   25 |    3.39e+000 |
----------------------- 


------------------------------------------------------- 
                   Support reaction (N)              
------------------------------------------------------- 
| Node |       Rx      |       Ry      |       Rz     | 
------------------------------------------------------- 
|    7 |    4.66e+004  |   -2.94e+004  |    5.41e+004 | 
|    8 |   -5.12e+004  |   -3.49e+004  |    6.09e+004 | 
|    9 |    2.73e+004  |   -1.05e+004  |   -2.98e+004 | 
|   10 |   -3.18e+004  |   -1.60e+004  |   -3.66e+004 | 
------------------------------------------------------- 


-------------------------------------------------------- 
                   Displacements (m)                 
-------------------------------------------------------- 
| Node |       u_x     |       u_y     |       u_z     |
-------------------------------------------------------- 
|    1 |    3.47e-004  |    6.71e-003  |   -3.86e-004  |
|    2 |    3.96e-004  |    6.71e-003  |   -5.87e-004  |
|    3 |    1.78e-005  |    4.48e-004  |   -1.67e-003  |
|    4 |    1.11e-004  |    4.61e-004  |   -1.80e-003  |
|    5 |    1.35e-005  |    4.22e-004  |    1.07e-003  |
|    6 |    1.15e-004  |    4.35e-004  |    1.19e-003  |
|    7 |    0.00e+000  |    0.00e+000  |    0.00e+000  |
|    8 |    0.00e+000  |    0.00e+000  |    0.00e+000  |
|    9 |    0.00e+000  |    0.00e+000  |    0.00e+000  |
|   10 |    0.00e+000  |    0.00e+000  |    0.00e+000  |
-------------------------------------------------------- 


--------------------------------- 
| Element  |  Axial Force (N)   | 
--------------------------------- 
|        1 |        3.47e+003   | 
|        2 |       -3.42e+004   | 
|        3 |       -3.02e+004   | 
|        4 |        2.03e+004   | 
|        5 |        2.42e+004   | 
|        6 |       -5.22e+004   | 
|        7 |        3.25e+004   | 
|        8 |       -4.89e+004   | 
|        9 |        3.57e+004   | 
|       10 |        8.54e+002   | 
|       11 |        2.68e+003   | 
|       12 |        6.54e+003   | 
|       13 |       -7.14e+003   | 
|       14 |       -1.67e+004   | 
|       15 |        1.07e+004   | 
|       16 |       -1.98e+004   | 
|       17 |        7.63e+003   | 
|       18 |       -3.10e+004   | 
|       19 |       -3.16e+004   | 
|       20 |        2.16e+004   | 
|       21 |        2.09e+004   | 
|       22 |        4.53e+004   | 
|       23 |       -5.72e+004   | 
|       24 |       -6.36e+004   | 
|       25 |        3.90e+004   | 
--------------------------------- 


Sigma_lin = N_lin/A  

------------------------ 
  Stresses (N/m^2)              
------------------------ 
| Elem |    Sigma_lin  | 
------------------------ 
|    1 |    1.79e+006  |
|    2 |   -1.77e+007  |
|    3 |   -1.56e+007  |
|    4 |    1.05e+007  |
|    5 |    1.25e+007  |
|    6 |   -2.70e+007  |
|    7 |    1.68e+007  |
|    8 |   -2.53e+007  |
|    9 |    1.84e+007  |
|   10 |    4.41e+005  |
|   11 |    1.39e+006  |
|   12 |    3.38e+006  |
|   13 |   -3.69e+006  |
|   14 |   -8.65e+006  |
|   15 |    5.51e+006  |
|   16 |   -1.02e+007  |
|   17 |    3.94e+006  |
|   18 |   -1.60e+007  |
|   19 |   -1.63e+007  |
|   20 |    1.12e+007  |
|   21 |    1.08e+007  |
|   22 |    2.34e+007  |
|   23 |   -2.96e+007  |
|   24 |   -3.28e+007  |
|   25 |    2.01e+007  |
------------------------ 


---------------------------------- 
| Element  |       Strain        | 
---------------------------------- 
|        1 |       2.60e-005     | 
|        2 |      -2.56e-004     | 
|        3 |      -2.27e-004     | 
|        4 |       1.52e-004     | 
|        5 |       1.81e-004     | 
|        6 |      -3.91e-004     | 
|        7 |       2.43e-004     | 
|        8 |      -3.67e-004     | 
|        9 |       2.68e-004     | 
|       10 |       6.40e-006     | 
|       11 |       2.01e-005     | 
|       12 |       4.90e-005     | 
|       13 |      -5.35e-005     | 
|       14 |      -1.25e-004     | 
|       15 |       7.98e-005     | 
|       16 |      -1.48e-004     | 
|       17 |       5.72e-005     | 
|       18 |      -2.32e-004     | 
|       19 |      -2.37e-004     | 
|       20 |       1.62e-004     | 
|       21 |       1.57e-004     | 
|       22 |       3.40e-004     | 
|       23 |      -4.29e-004     | 
|       24 |      -4.76e-004     | 
|       25 |       2.92e-004     | 
---------------------------------- 
