================== General Output IETFEM v2.11 ===========================


================== Linear elasticity solution ===========================


Inputfile: ../../input/2D/Truss_2D_sd/Prueba.txt  ... 

Solve time:  5.811 seconds

Problem type: Truss 2D small deformation and displacement

Force magnitude: kN 

Length magnitude: m 

Number of degrees of freedom per node: 2 

Number of nodes per element: 2 

Number of materials: 1 

Number of sections: 2 

Number of nodes: 3 

Number of elements: 2 

Scale Factors
SD_Deformed:   1.00 
   Supports:   0.50 
      Areas:   1.00 
     Forces:   2.00 
      Frame:   2.00 
    Numbers:   1.00 

---------------------------------------- 
           Nodes Cordinates (m)         
---------------------------------------- 
| Node |        X       |        Y     |
---------------------------------------- 
|    1 |     0.00e+000  |    1.00e+000 |
|    2 |     1.00e+000  |    0.00e+000 |
|    3 |     2.00e+000  |    1.00e+000 |
---------------------------------------- 


Start: Start Node - End: End Node.  

-------------------------------------------- 
           Element conectivity         
-------------------------------------------- 
| Elem |      Start      |       End       |
-------------------------------------------- 
|    1 |     1.00e+000   |     2.00e+000   |
|    2 |     2.00e+000   |     3.00e+000   |
-------------------------------------------- 


----------------------------------------------------------------------------------------------------------- 
                                  Element's properties  
----------------------------------------------------------------------------------------------------------- 
|  Element |   Area (m^2) |       L   (m)  |   Youngs (kN/m^2) |   alpha (1/°C) |   T (°C) | GL  (kN/m^3) | 
----------------------------------------------------------------------------------------------------------- 
|        1 |    2.00e+002 |    1.41e+000   |      1.00e+000    |      0.00e+000 |    0.00  |    0.00e+000 |
|        2 |    1.00e+000 |    1.41e+000   |      1.00e+000    |      0.00e+000 |    0.00  |    0.00e+000 |
----------------------------------------------------------------------------------------------------------- 


---------------------------------------------- 
         Puntual external  forces          
---------------------------------------------- 
|   Node   |     F_x (kN)   |     F_y (kN)   |
---------------------------------------------- 
|        2 |    0.00e+000   |   -1.00e+000   |
---------------------------------------------- 




 Global Siffness Matrix (kN/m) 
------------------------------------------------------------------------------
   7.07e+001   -7.07e+001   -7.07e+001    7.07e+001    0.00e+000    0.00e+000 
  -7.07e+001    7.07e+001    7.07e+001   -7.07e+001    0.00e+000    0.00e+000 
  -7.07e+001    7.07e+001    7.11e+001   -7.04e+001   -3.54e-001   -3.54e-001 
   7.07e+001   -7.07e+001   -7.04e+001    7.11e+001   -3.54e-001   -3.54e-001 
   0.00e+000    0.00e+000   -3.54e-001   -3.54e-001    3.54e-001    3.54e-001 
   0.00e+000    0.00e+000   -3.54e-001   -3.54e-001    3.54e-001    3.54e-001 
------------------------------------------------------------------------------




 Reduced Matrix (kN/m)
--------------------------
   7.11e+001   -7.04e+001 
  -7.04e+001    7.11e+001 
--------------------------


----------------------- 
   Final length (m)  
----------------------- 
| Elem |        l     |
----------------------- 
|    1 |    1.42e+000 |
|    2 |    2.41e+000 |
----------------------- 


--------------------------------------- 
           Support reaction (kN)         
--------------------------------------- 
| Node |       Rx      |       Ry     | 
--------------------------------------- 
|    1 |   -5.00e-001 |    5.00e-001  | 
|    3 |    5.00e-001 |    5.00e-001  | 
--------------------------------------- 


---------------------------------------- 
           Displacements (m)         
---------------------------------------- 
| Node |       u_x      |        u_y   |
---------------------------------------- 
|    1 |     0.00e+000  |    0.00e+000 |
|    2 |    -7.04e-001  |   -7.11e-001 |
|    3 |     0.00e+000  |    0.00e+000 |
---------------------------------------- 


---------------------------------- 
| Element  |  Axial Force (kN)   | 
---------------------------------- 
|        1 |        7.07e-001    | 
|        2 |        7.07e-001    | 
---------------------------------- 


Sigma_lin = N_lin/A  

------------------------- 
  Stresses (kN/m^2)              
------------------------- 
| Elem |    Sigma_lin   | 
------------------------- 
|    1 |    3.54e-003   |
|    2 |    7.07e-001   |
------------------------- 


---------------------------------- 
| Element  |       Strain        | 
---------------------------------- 
|        1 |       3.54e-003     | 
|        2 |       7.07e-001     | 
---------------------------------- 
